2	8.586000e-05	9.669027e-03	1.050092e+00	1.231192e+02
4	2.762700e-04	5.636162e-02	1.650602e+01
6	3.385690e-04	9.924671e-02	2.440085e+01
8	4.167060e-04	1.122630e-01	3.078633e+01
10	4.947600e-04	1.416348e-01	3.522412e+01
12	6.511280e-04	1.585162e-01	4.619496e+01
14	6.582220e-04	1.849160e-01	4.897847e+01
16	8.024730e-04	2.187976e-01	5.526806e+01
18	9.845400e-04	2.757821e-01	5.901864e+01
20	9.732750e-04	2.748694e-01	7.116435e+01
22	1.032240e-03	2.828346e-01
24	1.175854e-03	3.126158e-01
26	1.214572e-03	3.326503e-01
28	1.335632e-03	4.156314e-01
30	1.278202e-03	3.628185e-01
