2	2.654500e-05	5.323010e-04	1.260064e-02	3.001338e-01	6.605034e+00	1.636938e+02
4	3.909600e-05	8.585640e-04	2.295578e-02	5.315532e-01	1.751874e+01
6	5.310800e-05	1.221089e-03	2.977451e-02	7.613021e-01	1.780492e+01
8	7.339400e-05	1.732163e-03	3.791050e-02	1.002018e+00	2.478984e+01
10	8.995300e-05	1.670644e-03	4.375030e-02	1.258016e+00	2.764398e+01
12	1.012760e-04	2.478919e-03	5.712660e-02	1.414726e+00	3.524313e+01
14	1.004940e-04	2.448576e-03	5.827351e-02	1.515154e+00	3.880807e+01
16	1.218520e-04	2.970731e-03	6.900330e-02	1.866879e+00	4.799500e+01
18	1.366820e-04	3.414631e-03	8.183698e-02	1.911407e+00	4.819370e+01
20	1.633840e-04	3.367086e-03	8.825125e-02	2.264811e+00	5.299973e+01
22	1.695710e-04	4.069038e-03	9.066539e-02	2.446036e+00	5.998002e+01
24	1.896240e-04	4.708836e-03	1.011753e-01	2.739336e+00	7.131927e+01
26	1.873670e-04	4.131589e-03	1.336851e-01	2.790979e+00
28	2.146050e-04	5.328894e-03	1.458557e-01	3.176749e+00
30	2.193370e-04	5.432390e-03	1.317323e-01	3.132623e+00
